y_true y_pred
146.0 137.99521
144.18518 138.95674
140.81482 141.4539
139.0 146.11868
140.4 151.2669
143.8 155.49515
148.0 158.53094
154.81334 159.15681
171.0326 140.9624
172.46074 141.71921
173.0 149.96078
153.30864 188.34894
151.0 183.00258
150.46913 177.71112
150.12346 172.92375
150.0 166.66815
151.12346 159.34126
153.80247 152.38443
157.0 146.72925
160.93954 144.43126
165.91614 146.16574
171.0 149.51624
176.8956 151.91165
182.90613 153.50298
186.0 156.30463
186.53703 160.98834
186.87962 167.25995
187.0 174.676
186.22223 181.96356
184.77777 189.08131
184.0 195.96317
184.18518 199.4908
184.59259 197.6344
185.0 192.99335
185.40741 189.07742
185.81482 186.91858
186.0 185.57808
183.5 184.83493
181.0 185.17189
192.0 186.33572
191.4 187.60347
190.13333 188.43202
189.0 188.74066
188.12593 188.54686
187.34074 185.34073
189.0 200.32832
193.17531 195.39624
208.0 185.45761
214.7217 189.17902
221.13863 196.56892
224.0 205.07034
222.10527 208.5073
217.54385 211.71877
176.55255 243.39156
167.1051 231.1977
160.0 212.04178
154.85786 191.88881
149.71605 110.24198
146.65433 107.3604
143.0 108.44082
138.4927 112.69125
115.62851 134.28754
110.0 131.45871
103.78392 126.59222
97.67558 121.84344
94.0 120.97317
92.473694 115.52612
91.40351 110.5733
91.0 105.7343
91.0 100.96364
91.0 95.6883
91.0 90.233345
90.69312 87.57315
89.94179 89.57392
89.0 94.34852
87.780426 98.998726
86.084656 101.9778
84.0 103.04248
81.0 103.1225
81.0 102.94527
81.0 102.527725
81.0 101.7498
81.0 100.39235
81.0 98.16841
82.26815 95.12131
85.31407 90.980385
89.0 89.67583
93.25188 91.350174
98.863754 94.06137
106.0 95.85242
146.0 100.52757
150.0 107.16235
165.33899 114.91904
182.0 123.01026
189.87144 131.8461
195.75793 146.4567
201.15555 192.28523
202.0 197.26418
205.0 233.08629
207.32547 229.17432
214.82716 208.66013
216.35802 210.19144
217.00002 212.93285
216.679 214.3149
215.91357 214.7843
215.0 215.95444
213.92346 217.65646
212.55061 218.75414
211.0 218.68501
209.26666 216.95062
207.26666 213.47986
205.0 209.11673
202.22745 204.99847
199.0549 201.68314
196.0 198.86343
193.29848 196.10757
190.70152 193.19733
188.0 190.1518
185.22336 187.1623
182.32907 184.13441
179.0 180.97368
174.61137 178.1351
169.54643 176.21918
165.0 175.13852
161.1023 174.16501
157.57495 172.63672
155.0 170.32715
153.23492 167.15363
151.8508 162.59283
151.0 156.6526
150.5037 151.00284
150.14075 147.32895
150.0 145.4404
150.51852 145.14227
151.48148 145.8117
152.0 146.60245
151.4762 147.3241
150.28572 148.12418
149.0 149.05832
147.65256 150.20483
146.17813 152.03485
145.0 154.63954
144.18518 156.88852
143.51852 157.15292
143.0 155.1323
142.66173 152.19777
142.39754 149.84224
142.0 148.53629
140.92346 148.20096
139.31358 148.43668
138.0 148.65808
137.08643 148.58852
136.32098 148.37738
136.0 148.2341
136.0 148.06268
136.0 147.09549
136.0 144.90884
136.0 142.4618
136.0 140.9335
136.0 140.53864
136.10005 141.05203
136.42233 141.92892
137.0 142.47667
141.0 142.4494
137.5 142.07993
134.0 141.76079
135.15227 141.7189
138.0823 142.02536
142.0 142.7109
148.63805 143.761
211.0 140.08173
221.59277 150.3244
230.95024 164.85793
238.0 182.17004
255.11731 249.69524
260.74255 260.36523
266.0 266.34814
270.96054 268.42072
275.62225 267.259
279.0 264.62152
281.36624 263.05167
283.23868 264.57605
284.0 268.72336
278.40527 272.9817
254.0 276.91867
249.11195 273.72192
243.48528 270.96674
237.0 268.86768
228.74908 261.32245
219.13455 243.6322
210.0 222.99826
201.45943 210.92247
193.32776 207.87915
187.0 208.09529
182.95485 205.15889
179.77246 195.41158
170.477 165.05652
163.98851 153.43968
158.0 147.10818
152.03703 145.22737
146.46297 146.53954
144.0 148.6148
145.55556 148.49557
148.44444 143.89833
150.0 135.64395
