dy_true dy_pred
0.30895692 0.25196534
-0.36296386 0.19230652
-0.67407227 0.49943238
-0.36296386 0.9329559
0.27999878 1.0296447
0.68000185 0.84564817
0.8399994 0.60715944
1.3626678 0.12517396
0.40651855 -1.2742431
0.28562927 0.15136108
0.107852176 1.6483154
-0.8691376 -0.21972962
-0.46172792 -1.0692718
-0.10617371 -1.0582917
-0.06913452 -0.95747375
-0.024691772 -1.25112
0.22469178 -1.4653778
0.5358032 -1.3913666
0.639505 -1.1310364
0.7879089 -0.45959777
0.9953186 0.34689635
1.0167725 0.6700989
1.1791198 0.47908324
1.2021058 0.31826478
0.6187744 0.5603302
0.107406616 0.93674314
0.068518065 1.2543213
0.024075318 1.4832093
-0.1555542 1.4575135
-0.2888916 1.4235504
-0.1555542 1.3763702
0.037036132 0.7055267
0.08148193 -0.3712799
0.08148193 -0.92821044
0.08148193 -0.7831848
0.08148193 -0.4317688
0.037036132 -0.26809996
-0.5 -0.14862975
-0.5 0.06739197
2.2 0.23276672
-0.12000122 0.2535492
-0.25333253 0.16571045
-0.22666626 0.061727904
-0.17481384 -0.038760375
-0.15703735 -0.6412262
0.21093445 0.99988097
0.83506167 -0.98641664
1.4462799 -0.5411774
1.344339 0.744281
1.2833862 1.4779816
0.5722748 1.7002838
-0.37894592 0.68739015
-0.9122833 0.6422943
-1.8894898 -0.4674042
-1.8894898 -2.4387727
-1.4210205 -3.831183
-1.0284271 -4.030594
-0.25679016 -1.6393265
-0.6123444 -0.57631683
-0.7308655 0.21608429
-0.90145874 0.850087
-1.1485962 0.32304078
-1.1257019 -0.5657654
-1.2432159 -0.97329867
-1.2216675 -0.94975585
-0.7351166 -0.17405395
-0.30526122 -1.0894089
-0.21403655 -0.990564
-0.08070221 -0.9678009
0.0 -0.9541321
0.0 -1.0550674
0.0 -1.0909913
-0.061375428 -0.53203887
-0.15026703 0.4001541
-0.18835755 0.95491946
-0.2439148 0.9300415
-0.33915406 0.5958145
-0.41693115 0.2129364
-0.6 0.016003419
0.0 -0.035446167
0.0 -0.0835083
0.0 -0.15558472
0.0 -0.27149048
0.0 -0.4447876
0.25363007 -0.6094208
0.60918427 -0.8281845
0.73718566 -0.26091155
0.85037535 0.33486938
1.1223755 0.54223937
1.4272492 0.35820922
2.2225585 0.74783784
0.8 1.3269562
3.067798 1.5513366
3.3322022 1.6182449
1.574289 1.7671677
1.177298 2.9221191
0.16888733 0.88473815
0.16889039 0.9957886
0.24040528 1.1644745
0.465094 -0.7823944
0.36543274 -0.6001007
0.30617064 0.3062622
0.12839966 0.54828185
-0.06420288 0.27640992
-0.15308532 0.09388123
-0.18271485 0.2340271
-0.21530762 0.3404053
-0.2745697 0.21953431
-0.31012267 -0.013824463
-0.34666747 -0.34687805
-0.4 -0.69415283
-0.4533325 -0.8726257
-0.5545105 -0.82365113
-0.63450927 -0.66306764
-0.6109802 -0.5639404
-0.54030454 -0.5511719
-0.5193909 -0.58204955
-0.54030454 -0.6091064
-0.55532837 -0.5979004
-0.5788574 -0.60557556
-0.6658142 -0.6321472
-0.87772524 -0.56771547
-1.0129883 -0.38318482
-0.9092865 -0.2161316
-0.779541 -0.19470215
-0.7054688 -0.30565795
-0.5149902 -0.46191406
-0.35301512 -0.6347046
-0.27682495 -0.9121582
-0.1701599 -1.1880462
-0.09926148 -1.129953
-0.072589114 -0.7347778
-0.028149415 -0.37770995
0.10370483 -0.059625246
0.19259033 0.13388672
0.10370483 0.1581482
-0.10476074 0.14432983
-0.23809509 0.16001587
-0.25714415 0.18682861
-0.2694885 0.22930297
-0.29488525 0.36600342
-0.23562622 0.5209381
-0.16296387 0.44979554
-0.1333313 0.05288086
-0.10370483 -0.404126
-0.067654416 -0.5869049
-0.052838136 -0.47110596
-0.07950745 -0.2611908
-0.21530762 -0.06706543
-0.3219757 0.047143556
-0.26271668 0.044281006
-0.18271485 -0.013912964
-0.15308838 -0.04222717
-0.06419678 -0.028656006
0.0 -0.034283448
0.0 -0.19343872
0.0 -0.4373291
0.0 -0.48940736
0.0 -0.30566102
0.0 -0.07897339
0.020010376 0.10267945
0.06445618 0.17537841
0.11553345 0.10954895
0.8 -0.005453491
-0.7 -0.07389526
-0.7 -0.063827515
0.23045349 -0.008377075
0.5860077 0.061291505
0.7835388 0.13710937
1.3276093 0.21001892
2.5976624 0.7520752
2.1185546 2.048535
1.8714936 2.9067047
1.4099518 3.4624238
1.0234619 3.1086364
1.1250489 2.1339996
1.0514892 1.1965821
0.99210817 0.41451415
0.9323425 -0.23234253
0.6755493 -0.52749634
0.4732483 -0.31397095
0.3744873 0.30487671
0.1522644 0.8294617
-1.1189454 0.8516663
-0.8 -0.34647828
-0.9776093 -0.63934934
-1.1253357 -0.5510376
-1.297055 -0.41981202
-1.6501831 -1.5090454
-1.9229065 -3.5380492
-1.8269104 -4.126788
-1.7081146 -2.415158
-1.6263336 -0.6086639
-1.2655518 0.04322815
-0.8090302 -0.5872803
-0.63647765 -1.9494629
-1.104599 -2.9811554
-1.297699 -2.3233674
-1.197702 -1.2662995
-1.1925933 -0.3761627
-1.1148132 0.26243287
-0.49259338 0.41505432
0.31111145 -0.023846436
0.5777771 -0.91944885
0.31111145 -1.6508758
