time y_pred
5.0 137.99521
10.0 138.95674
15.0 141.4539
20.0 146.11868
25.0 151.2669
30.0 155.49515
35.0 158.53094
40.0 159.15681
55.0 140.9624
60.0 141.71921
65.0 149.96078
90.0 188.34894
95.0 183.00258
100.0 177.71112
105.0 172.92375
110.0 166.66815
115.0 159.34126
120.0 152.38443
125.0 146.72925
130.0 144.43126
135.0 146.16574
140.0 149.51624
145.0 151.91165
150.0 153.50298
155.0 156.30463
160.0 160.98834
165.0 167.25995
170.0 174.676
175.0 181.96356
180.0 189.08131
185.0 195.96317
190.0 199.4908
195.0 197.6344
200.0 192.99335
205.0 189.07742
210.0 186.91858
215.0 185.57808
220.0 184.83493
225.0 185.17189
230.0 186.33572
235.0 187.60347
240.0 188.43202
245.0 188.74066
250.0 188.54686
255.0 185.34073
275.0 200.32832
280.0 195.39624
290.0 185.45761
295.0 189.17902
300.0 196.56892
305.0 205.07034
310.0 208.5073
315.0 211.71877
340.0 243.39156
345.0 231.1977
350.0 212.04178
355.0 191.88881
385.0 110.24198
390.0 107.3604
395.0 108.44082
400.0 112.69125
420.0 134.28754
425.0 131.45871
430.0 126.59222
435.0 121.84344
440.0 120.97317
445.0 115.52612
450.0 110.5733
455.0 105.7343
460.0 100.96364
465.0 95.6883
470.0 90.233345
475.0 87.57315
480.0 89.57392
485.0 94.34852
490.0 98.998726
495.0 101.9778
500.0 103.04248
505.0 103.1225
510.0 102.94527
515.0 102.527725
520.0 101.7498
525.0 100.39235
530.0 98.16841
535.0 95.12131
540.0 90.980385
545.0 89.67583
550.0 91.350174
555.0 94.06137
560.0 95.85242
575.0 100.52757
580.0 107.16235
585.0 114.91904
590.0 123.01026
595.0 131.8461
600.0 146.4567
615.0 192.28523
620.0 197.26418
635.0 233.08629
640.0 229.17432
655.0 208.66013
660.0 210.19144
665.0 212.93285
670.0 214.3149
675.0 214.7843
680.0 215.95444
685.0 217.65646
690.0 218.75414
695.0 218.68501
700.0 216.95062
705.0 213.47986
710.0 209.11673
715.0 204.99847
720.0 201.68314
725.0 198.86343
730.0 196.10757
735.0 193.19733
740.0 190.1518
745.0 187.1623
750.0 184.13441
755.0 180.97368
760.0 178.1351
765.0 176.21918
770.0 175.13852
775.0 174.16501
780.0 172.63672
785.0 170.32715
790.0 167.15363
795.0 162.59283
800.0 156.6526
805.0 151.00284
810.0 147.32895
815.0 145.4404
820.0 145.14227
825.0 145.8117
830.0 146.60245
835.0 147.3241
840.0 148.12418
845.0 149.05832
850.0 150.20483
855.0 152.03485
860.0 154.63954
865.0 156.88852
870.0 157.15292
875.0 155.1323
880.0 152.19777
885.0 149.84224
890.0 148.53629
895.0 148.20096
900.0 148.43668
905.0 148.65808
910.0 148.58852
915.0 148.37738
920.0 148.2341
925.0 148.06268
930.0 147.09549
935.0 144.90884
940.0 142.4618
945.0 140.9335
950.0 140.53864
955.0 141.05203
960.0 141.92892
965.0 142.47667
970.0 142.4494
975.0 142.07993
980.0 141.76079
985.0 141.7189
990.0 142.02536
995.0 142.7109
1000.0 143.761
1025.0 140.08173
1030.0 150.3244
1035.0 164.85793
1040.0 182.17004
1060.0 249.69524
1065.0 260.36523
1070.0 266.34814
1075.0 268.42072
1080.0 267.259
1085.0 264.62152
1090.0 263.05167
1095.0 264.57605
1100.0 268.72336
1105.0 272.9817
1120.0 276.91867
1125.0 273.72192
1130.0 270.96674
1135.0 268.86768
1140.0 261.32245
1145.0 243.6322
1150.0 222.99826
1155.0 210.92247
1160.0 207.87915
1165.0 208.09529
1170.0 205.15889
1175.0 195.41158
1185.0 165.05652
1190.0 153.43968
1195.0 147.10818
1200.0 145.22737
1205.0 146.53954
1210.0 148.6148
1215.0 148.49557
1220.0 143.89833
1225.0 135.64395
