time y_pred
45.0 155.1474
70.0 161.06696
75.0 172.35483
80.0 183.16422
85.0 189.44759
260.0 167.18922
265.0 179.83212
270.0 195.32892
360.0 174.11575
365.0 158.1495
370.0 143.68506
375.0 130.44037
380.0 118.438614
565.0 96.09671
570.0 96.78838
605.0 168.63095
610.0 187.86154
625.0 211.80331
630.0 227.26392
645.0 219.8101
650.0 211.66063
1005.0 143.43234
1010.0 144.077
1015.0 139.45348
1020.0 136.32135
1045.0 199.59703
1050.0 216.61916
1055.0 234.15205
1110.0 275.4611
1115.0 278.65106
1180.0 179.9623
