time y_true
5.0 146.0
10.0 144.18518
15.0 140.81482
20.0 139.0
25.0 140.4
30.0 143.8
35.0 148.0
40.0 154.81334
45.0 163.49333
50.0 169.0
55.0 171.0326
60.0 172.46074
65.0 173.0
70.0 170.96297
75.0 166.48148
80.0 162.0
85.0 157.65433
90.0 153.30864
95.0 151.0
100.0 150.46913
105.0 150.12346
110.0 150.0
115.0 151.12346
120.0 153.80247
125.0 157.0
130.0 160.93954
135.0 165.91614
140.0 171.0
145.0 176.8956
150.0 182.90613
155.0 186.0
160.0 186.53703
165.0 186.87962
170.0 187.0
175.0 186.22223
180.0 184.77777
185.0 184.0
190.0 184.18518
195.0 184.59259
200.0 185.0
205.0 185.40741
210.0 185.81482
215.0 186.0
220.0 183.5
225.0 181.0
230.0 192.0
235.0 191.4
240.0 190.13333
245.0 189.0
250.0 188.12593
255.0 187.34074
260.0 187.0
265.0 187.25044
270.0 187.94533
275.0 189.0
280.0 193.17531
285.0 200.7686
290.0 208.0
295.0 214.7217
300.0 221.13863
305.0 224.0
310.0 222.10527
315.0 217.54385
320.0 212.0
325.0 204.75244
330.0 195.37622
335.0 186.0
340.0 176.55255
345.0 167.1051
350.0 160.0
355.0 154.85786
360.0 150.70671
365.0 149.0
370.0 149.51852
375.0 150.48148
380.0 151.0
385.0 149.71605
390.0 146.65433
395.0 143.0
400.0 138.4927
405.0 132.80023
410.0 127.00001
415.0 121.37149
420.0 115.62851
425.0 110.0
430.0 103.78392
435.0 97.67558
440.0 94.0
445.0 92.473694
450.0 91.40351
455.0 91.0
460.0 91.0
465.0 91.0
470.0 91.0
475.0 90.69312
480.0 89.94179
485.0 89.0
490.0 87.780426
495.0 86.084656
500.0 84.0
505.0 81.0
510.0 81.0
515.0 81.0
520.0 81.0
525.0 81.0
530.0 81.0
535.0 82.26815
540.0 85.31407
545.0 89.0
550.0 93.25188
555.0 98.863754
560.0 106.0
565.0 118.65023
570.0 134.8872
575.0 146.0
580.0 150.0
585.0 165.33899
590.0 182.0
595.0 189.87144
600.0 195.75793
605.0 199.0
610.0 200.31111
615.0 201.15555
620.0 202.0
625.0 202.89899
630.0 203.79797
635.0 205.0
640.0 207.32547
645.0 210.45903
650.0 213.0
655.0 214.82716
660.0 216.35802
665.0 217.00002
670.0 216.679
675.0 215.91357
680.0 215.0
685.0 213.92346
690.0 212.55061
695.0 211.0
700.0 209.26666
705.0 207.26666
710.0 205.0
715.0 202.22745
720.0 199.0549
725.0 196.0
730.0 193.29848
735.0 190.70152
740.0 188.0
745.0 185.22336
750.0 182.32907
755.0 179.0
760.0 174.61137
765.0 169.54643
770.0 165.0
775.0 161.1023
780.0 157.57495
785.0 155.0
790.0 153.23492
795.0 151.8508
800.0 151.0
805.0 150.5037
810.0 150.14075
815.0 150.0
820.0 150.51852
825.0 151.48148
830.0 152.0
835.0 151.4762
840.0 150.28572
845.0 149.0
850.0 147.65256
855.0 146.17813
860.0 145.0
865.0 144.18518
870.0 143.51852
875.0 143.0
880.0 142.66173
885.0 142.39754
890.0 142.0
895.0 140.92346
900.0 139.31358
905.0 138.0
910.0 137.08643
915.0 136.32098
920.0 136.0
925.0 136.0
930.0 136.0
935.0 136.0
940.0 136.0
945.0 136.0
950.0 136.0
955.0 136.10005
960.0 136.42233
965.0 137.0
970.0 141.0
975.0 137.5
980.0 134.0
985.0 135.15227
990.0 138.0823
995.0 142.0
1000.0 148.63805
1005.0 158.73286
1010.0 170.0
1015.0 183.14755
1020.0 198.01169
1025.0 211.0
1030.0 221.59277
1035.0 230.95024
1040.0 238.0
1045.0 242.55678
1050.0 246.0879
1055.0 250.0
1060.0 255.11731
1065.0 260.74255
1070.0 266.0
1075.0 270.96054
1080.0 275.62225
1085.0 279.0
1090.0 281.36624
1095.0 283.23868
1100.0 284.0
1105.0 278.40527
1110.0 267.03275
1115.0 258.0
1120.0 254.0
1125.0 249.11195
1130.0 243.48528
1135.0 237.0
1140.0 228.74908
1145.0 219.13455
1150.0 210.0
1155.0 201.45943
1160.0 193.32776
1165.0 187.0
1170.0 182.95485
1175.0 179.77246
1180.0 176.0
1185.0 170.477
1190.0 163.98851
1195.0 158.0
1200.0 152.03703
1205.0 146.46297
1210.0 144.0
1215.0 145.55556
1220.0 148.44444
1225.0 150.0
