y_true y_pred
144.45522 137.50064
146.0 139.311
144.18518 142.48233
140.81482 146.6507
139.0 150.75742
140.4 154.20605
143.8 156.86528
148.0 158.0563
154.81334 156.65916
169.0 148.68929
171.0326 146.64581
172.46074 147.68735
173.0 151.23016
170.96297 157.21518
157.65433 177.3639
153.30864 179.28195
151.0 179.34131
150.46913 177.56064
150.12346 173.80708
150.0 169.07677
151.12346 164.25958
153.80247 159.72491
157.0 156.42871
160.93954 154.85378
165.91614 154.33997
171.0 154.1716
176.8956 154.41687
182.90613 155.57553
186.0 157.66928
186.53703 160.76233
186.87962 165.06693
187.0 170.29437
186.22223 176.46701
184.77777 183.28465
184.0 188.93396
184.18518 192.0729
184.59259 193.22069
185.0 193.28271
185.40741 192.64774
185.81482 191.48155
186.0 190.39601
183.5 189.94746
181.0 190.03369
191.4 190.29842
190.13333 190.00699
189.0 189.31577
188.12593 187.07114
187.34074 180.76526
187.0 183.5791
187.25044 187.08295
187.94533 189.61398
189.0 191.15063
193.17531 192.14923
200.7686 193.04613
208.0 194.28242
214.7217 196.10883
221.13863 198.97185
224.0 201.7914
222.10527 206.14658
176.55255 232.83075
167.1051 224.25455
160.0 211.7674
154.85786 196.80298
149.71605 118.23617
146.65433 115.280136
143.0 115.76114
138.4927 119.479
121.37149 135.53073
115.62851 136.94745
110.0 135.78873
103.78392 132.82285
97.67558 128.95999
94.0 124.0071
92.473694 119.40524
91.40351 115.16982
91.0 111.174
91.0 106.84172
91.0 102.02704
91.0 97.97267
90.69312 95.72272
89.94179 94.95715
89.0 95.3548
87.780426 96.34075
86.084656 97.427734
84.0 98.38706
81.0 99.05846
81.0 99.346405
81.0 99.35808
81.0 99.16557
81.0 98.67948
81.0 97.79857
82.26815 96.13544
85.31407 95.39613
89.0 95.654205
93.25188 96.48277
98.863754 97.35298
106.0 97.89559
146.0 103.5836
150.0 107.715256
165.33899 113.01837
182.0 119.72972
189.87144 130.05484
195.75793 144.83676
200.31111 169.44284
201.15555 180.08392
203.79797 213.72491
205.0 218.33354
207.32547 219.59175
210.45903 218.99625
213.0 217.9108
214.82716 217.04425
216.35802 216.49088
217.00002 216.17783
216.679 216.3429
215.91357 217.0494
215.0 217.68439
213.92346 217.72237
212.55061 217.12051
211.0 215.77446
209.26666 213.65178
207.26666 211.0332
205.0 208.32974
202.22745 205.8287
199.0549 203.58002
196.0 201.56827
193.29848 199.70845
190.70152 197.84996
188.0 195.8569
185.22336 193.51881
182.32907 190.7419
179.0 187.76697
174.61137 184.95967
169.54643 182.4506
165.0 180.12389
161.1023 177.81467
157.57495 175.38046
155.0 172.61127
153.23492 169.07053
151.8508 164.60983
151.0 159.87357
150.5037 155.64069
150.14075 152.03406
150.0 149.46272
150.51852 147.98409
151.48148 147.3056
152.0 147.20312
151.4762 147.46625
150.28572 147.88948
149.0 148.42969
147.65256 149.35767
146.17813 150.83565
145.0 152.48325
144.18518 153.59479
143.51852 153.82478
143.0 153.36401
142.66173 152.52765
142.39754 151.52536
142.0 150.64983
140.92346 150.09674
139.31358 149.8169
138.0 149.68448
137.08643 149.60321
136.32098 149.4794
136.0 149.17899
136.0 148.36673
136.0 146.89075
136.0 145.15341
136.0 143.63089
136.0 142.5185
136.0 141.97842
136.10005 141.99207
136.42233 142.30652
137.0 142.68333
141.0 142.98006
137.5 143.15776
134.0 143.24786
135.15227 143.35942
138.0823 143.64859
142.0 144.2338
148.63805 144.91046
158.73286 145.20154
211.0 148.44109
221.59277 155.73965
230.95024 166.3746
238.0 179.3645
255.11731 238.21446
260.74255 248.51285
266.0 255.97379
270.96054 260.5402
275.62225 262.95258
279.0 264.53827
281.36624 266.6162
283.23868 269.55286
284.0 272.7833
278.40527 275.67084
254.0 279.39838
249.11195 277.73993
243.48528 274.99982
237.0 268.89
228.74908 257.59235
219.13455 244.07991
210.0 232.97998
201.45943 224.78587
193.32776 218.50821
187.0 212.67186
182.95485 205.68195
179.77246 196.79625
176.0 190.44
170.477 179.41791
163.98851 169.29523
158.0 161.05035
152.03703 155.50165
146.46297 152.31248
144.0 150.14543
145.55556 147.27048
148.44444 142.94826
