dy_true dy_pred
0.68673706 0.18110351
0.30895692 0.36207277
-0.36296386 0.6342651
-0.67407227 0.8336731
-0.36296386 0.821344
0.27999878 0.6897278
0.68000185 0.5318451
0.8399994 0.23820496
1.3626678 -0.2794281
1.1013336 -0.8346771
0.40651855 -0.40869445
0.28562927 0.20830688
0.107852176 0.7085632
-0.40740663 1.1970031
-0.86913455 0.9198639
-0.8691376 0.383609
-0.46172792 0.011871338
-0.10617371 -0.35613403
-0.06913452 -0.7507111
-0.024691772 -0.9460632
0.22469178 -0.9634369
0.5358032 -0.9069336
0.639505 -0.6592407
0.7879089 -0.31498718
0.9953186 -0.10276184
1.0167725 -0.033673096
1.1791198 0.049053956
1.2021058 0.23173217
0.6187744 0.41875
0.107406616 0.6186096
0.068518065 0.8609192
0.024075318 1.0454895
-0.1555542 1.2345276
-0.2888916 1.3635285
-0.1555542 1.1298615
0.037036132 0.6277893
0.08148193 0.22955628
0.08148193 0.0124053955
0.08148193 -0.12699585
0.08148193 -0.2332367
0.037036132 -0.21710816
-0.5 -0.089709476
-0.5 0.017245483
-0.12000122 0.007522583
-0.25333253 -0.058285523
-0.22666626 -0.13824463
-0.17481384 -0.4489258
-0.15703735 -1.2611755
-0.06814881 0.5627686
0.050088502 0.70076907
0.13897705 0.5062073
0.21093445 0.3073303
0.83506167 0.19971924
1.5186584 0.17937927
1.4462799 0.24725953
1.344339 0.36528015
1.2833862 0.57260436
0.5722748 0.5639099
-0.37894592 0.87103575
-1.8894898 -0.617099
-1.8894898 -1.7152405
-1.4210205 -2.4974303
-1.0284271 -2.9928832
-0.25679016 -1.2862732
-0.6123444 -0.5912064
-0.7308655 0.09620056
-0.90145874 0.74357146
-1.1257035 0.8646423
-1.1485962 0.2833435
-1.1257019 -0.23174438
-1.2432159 -0.59317625
-1.2216675 -0.7725708
-0.7351166 -0.9905777
-0.30526122 -0.920372
-0.21403655 -0.84708405
-0.08070221 -0.7991638
0.0 -0.8664566
0.0 -0.9629364
0.0 -0.8108734
-0.061375428 -0.44999084
-0.15026703 -0.1531128
-0.18835755 0.07952881
-0.2439148 0.19719085
-0.33915406 0.21739654
-0.41693115 0.19186553
-0.6 0.13427886
0.0 0.05758972
0.0 0.0023345947
0.0 -0.038500976
0.0 -0.09721832
0.0 -0.17618255
0.25363007 -0.33262634
0.60918427 -0.14786072
0.73718566 0.05161438
0.85037535 0.1657135
1.1223755 0.17404175
1.4272492 0.108522035
2.2225585 0.61851346
0.8 0.82633054
3.067798 1.0606232
3.3322022 1.3422699
1.574289 2.065024
1.177298 2.9563842
0.2622223 1.9492553
0.16888733 2.1282165
0.17979737 1.661322
0.24040528 0.92172545
0.465094 0.25164184
0.626712 -0.11910095
0.50819397 -0.21708985
0.36543274 -0.17330933
0.30617064 -0.11067505
0.12839966 -0.062609866
-0.06420288 0.033013918
-0.15308532 0.14129944
-0.18271485 0.1269989
-0.21530762 0.007595825
-0.2745697 -0.120370485
-0.31012267 -0.26921082
-0.34666747 -0.42453614
-0.4 -0.5237152
-0.4533325 -0.54069215
-0.5545105 -0.50020754
-0.63450927 -0.44973755
-0.6109802 -0.40234986
-0.54030454 -0.3719635
-0.5193909 -0.371698
-0.54030454 -0.39861146
-0.55532837 -0.4676178
-0.5788574 -0.5553833
-0.6658142 -0.59498596
-0.87772524 -0.56145936
-1.0129883 -0.50181276
-0.9092865 -0.46534425
-0.779541 -0.46184388
-0.7054688 -0.4868408
-0.5149902 -0.5538391
-0.35301512 -0.7081482
-0.27682495 -0.89213866
-0.1701599 -0.9472534
-0.09926148 -0.8465759
-0.072589114 -0.7213257
-0.028149415 -0.51426697
0.10370483 -0.29572755
0.19259033 -0.13569641
0.10370483 -0.020495605
-0.10476074 0.052624512
-0.23809509 0.084646605
-0.25714415 0.10804138
-0.2694885 0.1855957
-0.29488525 0.2955963
-0.23562622 0.32951966
-0.16296387 0.22230835
-0.1333313 0.045999147
-0.10370483 -0.09215393
-0.067654416 -0.16727296
-0.052838136 -0.20045777
-0.07950745 -0.17510681
-0.21530762 -0.110617064
-0.3219757 -0.05596924
-0.26271668 -0.026483154
-0.18271485 -0.016253661
-0.15308838 -0.024761964
-0.06419678 -0.06008301
0.0 -0.16245118
0.0 -0.29519653
0.0 -0.34746704
0.0 -0.3045044
0.0 -0.22247925
0.0 -0.10801391
0.020010376 0.0027282715
0.06445618 0.06289063
0.11553345 0.07536316
0.8 0.05934448
-0.7 0.03554077
-0.7 0.01802063
0.23045349 0.0223114
0.5860077 0.05783386
0.7835388 0.117041014
1.3276093 0.13533325
2.0189636 0.05821533
2.5976624 0.8716095
2.1185546 1.4597137
1.8714936 2.1269898
1.4099518 2.5979798
1.0234619 2.5888734
1.1250489 2.0596771
1.0514892 1.4921875
0.99210817 0.91328126
0.9323425 0.4824768
0.6755493 0.31713867
0.4732483 0.41558838
0.3744873 0.5873291
0.1522644 0.64608765
-1.1189454 0.57750857
-0.8 -0.055914305
-0.9776093 -0.33168945
-1.1253357 -0.54802245
-1.297055 -1.2219604
-1.6501831 -2.2595336
-1.9229065 -2.7024872
-1.8269104 -2.219986
-1.7081146 -1.6388214
-1.6263336 -1.2555329
-1.2655518 -1.16727
-0.8090302 -1.3979828
-0.63647765 -1.7771393
-0.75449216 -1.2712494
-1.104599 -2.204419
-1.297699 -2.0245361
-1.197702 -1.6489747
-1.1925933 -1.1097412
-1.1148132 -0.63783264
-0.49259338 -0.43341064
0.31111145 -0.57499087
0.5777771 -0.86444396
