time y_pred
5.0 137.50064
10.0 139.311
15.0 142.48233
20.0 146.6507
25.0 150.75742
30.0 154.20605
35.0 156.86528
40.0 158.0563
45.0 156.65916
55.0 148.68929
60.0 146.64581
65.0 147.68735
70.0 151.23016
75.0 157.21518
90.0 177.3639
95.0 179.28195
100.0 179.34131
105.0 177.56064
110.0 173.80708
115.0 169.07677
120.0 164.25958
125.0 159.72491
130.0 156.42871
135.0 154.85378
140.0 154.33997
145.0 154.1716
150.0 154.41687
155.0 155.57553
160.0 157.66928
165.0 160.76233
170.0 165.06693
175.0 170.29437
180.0 176.46701
185.0 183.28465
190.0 188.93396
195.0 192.0729
200.0 193.22069
205.0 193.28271
210.0 192.64774
215.0 191.48155
220.0 190.39601
225.0 189.94746
230.0 190.03369
240.0 190.29842
245.0 190.00699
250.0 189.31577
255.0 187.07114
260.0 180.76526
265.0 183.5791
270.0 187.08295
275.0 189.61398
280.0 191.15063
285.0 192.14923
290.0 193.04613
295.0 194.28242
300.0 196.10883
305.0 198.97185
310.0 201.7914
315.0 206.14658
345.0 232.83075
350.0 224.25455
355.0 211.7674
360.0 196.80298
390.0 118.23617
395.0 115.280136
400.0 115.76114
405.0 119.479
420.0 135.53073
425.0 136.94745
430.0 135.78873
435.0 132.82285
440.0 128.95999
445.0 124.0071
450.0 119.40524
455.0 115.16982
460.0 111.174
465.0 106.84172
470.0 102.02704
475.0 97.97267
480.0 95.72272
485.0 94.95715
490.0 95.3548
495.0 96.34075
500.0 97.427734
505.0 98.38706
510.0 99.05846
515.0 99.346405
520.0 99.35808
525.0 99.16557
530.0 98.67948
535.0 97.79857
540.0 96.13544
545.0 95.39613
550.0 95.654205
555.0 96.48277
560.0 97.35298
565.0 97.89559
580.0 103.5836
585.0 107.715256
590.0 113.01837
595.0 119.72972
600.0 130.05484
605.0 144.83676
615.0 169.44284
620.0 180.08392
635.0 213.72491
640.0 218.33354
645.0 219.59175
650.0 218.99625
655.0 217.9108
660.0 217.04425
665.0 216.49088
670.0 216.17783
675.0 216.3429
680.0 217.0494
685.0 217.68439
690.0 217.72237
695.0 217.12051
700.0 215.77446
705.0 213.65178
710.0 211.0332
715.0 208.32974
720.0 205.8287
725.0 203.58002
730.0 201.56827
735.0 199.70845
740.0 197.84996
745.0 195.8569
750.0 193.51881
755.0 190.7419
760.0 187.76697
765.0 184.95967
770.0 182.4506
775.0 180.12389
780.0 177.81467
785.0 175.38046
790.0 172.61127
795.0 169.07053
800.0 164.60983
805.0 159.87357
810.0 155.64069
815.0 152.03406
820.0 149.46272
825.0 147.98409
830.0 147.3056
835.0 147.20312
840.0 147.46625
845.0 147.88948
850.0 148.42969
855.0 149.35767
860.0 150.83565
865.0 152.48325
870.0 153.59479
875.0 153.82478
880.0 153.36401
885.0 152.52765
890.0 151.52536
895.0 150.64983
900.0 150.09674
905.0 149.8169
910.0 149.68448
915.0 149.60321
920.0 149.4794
925.0 149.17899
930.0 148.36673
935.0 146.89075
940.0 145.15341
945.0 143.63089
950.0 142.5185
955.0 141.97842
960.0 141.99207
965.0 142.30652
970.0 142.68333
975.0 142.98006
980.0 143.15776
985.0 143.24786
990.0 143.35942
995.0 143.64859
1000.0 144.2338
1005.0 144.91046
1010.0 145.20154
1030.0 148.44109
1035.0 155.73965
1040.0 166.3746
1045.0 179.3645
1065.0 238.21446
1070.0 248.51285
1075.0 255.97379
1080.0 260.5402
1085.0 262.95258
1090.0 264.53827
1095.0 266.6162
1100.0 269.55286
1105.0 272.7833
1110.0 275.67084
1125.0 279.39838
1130.0 277.73993
1135.0 274.99982
1140.0 268.89
1145.0 257.59235
1150.0 244.07991
1155.0 232.97998
1160.0 224.78587
1165.0 218.50821
1170.0 212.67186
1175.0 205.68195
1180.0 196.79625
1185.0 190.44
1190.0 179.41791
1195.0 169.29523
1200.0 161.05035
1205.0 155.50165
1210.0 152.31248
1215.0 150.14543
1220.0 147.27048
1225.0 142.94826
