time y_true
5.0 144.45522
10.0 146.0
15.0 144.18518
20.0 140.81482
25.0 139.0
30.0 140.4
35.0 143.8
40.0 148.0
45.0 154.81334
50.0 163.49333
55.0 169.0
60.0 171.0326
65.0 172.46074
70.0 173.0
75.0 170.96297
80.0 166.48148
85.0 162.0
90.0 157.65433
95.0 153.30864
100.0 151.0
105.0 150.46913
110.0 150.12346
115.0 150.0
120.0 151.12346
125.0 153.80247
130.0 157.0
135.0 160.93954
140.0 165.91614
145.0 171.0
150.0 176.8956
155.0 182.90613
160.0 186.0
165.0 186.53703
170.0 186.87962
175.0 187.0
180.0 186.22223
185.0 184.77777
190.0 184.0
195.0 184.18518
200.0 184.59259
205.0 185.0
210.0 185.40741
215.0 185.81482
220.0 186.0
225.0 183.5
230.0 181.0
235.0 192.0
240.0 191.4
245.0 190.13333
250.0 189.0
255.0 188.12593
260.0 187.34074
265.0 187.0
270.0 187.25044
275.0 187.94533
280.0 189.0
285.0 193.17531
290.0 200.7686
295.0 208.0
300.0 214.7217
305.0 221.13863
310.0 224.0
315.0 222.10527
320.0 217.54385
325.0 212.0
330.0 204.75244
335.0 195.37622
340.0 186.0
345.0 176.55255
350.0 167.1051
355.0 160.0
360.0 154.85786
365.0 150.70671
370.0 149.0
375.0 149.51852
380.0 150.48148
385.0 151.0
390.0 149.71605
395.0 146.65433
400.0 143.0
405.0 138.4927
410.0 132.80023
415.0 127.00001
420.0 121.37149
425.0 115.62851
430.0 110.0
435.0 103.78392
440.0 97.67558
445.0 94.0
450.0 92.473694
455.0 91.40351
460.0 91.0
465.0 91.0
470.0 91.0
475.0 91.0
480.0 90.69312
485.0 89.94179
490.0 89.0
495.0 87.780426
500.0 86.084656
505.0 84.0
510.0 81.0
515.0 81.0
520.0 81.0
525.0 81.0
530.0 81.0
535.0 81.0
540.0 82.26815
545.0 85.31407
550.0 89.0
555.0 93.25188
560.0 98.863754
565.0 106.0
570.0 118.65023
575.0 134.8872
580.0 146.0
585.0 150.0
590.0 165.33899
595.0 182.0
600.0 189.87144
605.0 195.75793
610.0 199.0
615.0 200.31111
620.0 201.15555
625.0 202.0
630.0 202.89899
635.0 203.79797
640.0 205.0
645.0 207.32547
650.0 210.45903
655.0 213.0
660.0 214.82716
665.0 216.35802
670.0 217.00002
675.0 216.679
680.0 215.91357
685.0 215.0
690.0 213.92346
695.0 212.55061
700.0 211.0
705.0 209.26666
710.0 207.26666
715.0 205.0
720.0 202.22745
725.0 199.0549
730.0 196.0
735.0 193.29848
740.0 190.70152
745.0 188.0
750.0 185.22336
755.0 182.32907
760.0 179.0
765.0 174.61137
770.0 169.54643
775.0 165.0
780.0 161.1023
785.0 157.57495
790.0 155.0
795.0 153.23492
800.0 151.8508
805.0 151.0
810.0 150.5037
815.0 150.14075
820.0 150.0
825.0 150.51852
830.0 151.48148
835.0 152.0
840.0 151.4762
845.0 150.28572
850.0 149.0
855.0 147.65256
860.0 146.17813
865.0 145.0
870.0 144.18518
875.0 143.51852
880.0 143.0
885.0 142.66173
890.0 142.39754
895.0 142.0
900.0 140.92346
905.0 139.31358
910.0 138.0
915.0 137.08643
920.0 136.32098
925.0 136.0
930.0 136.0
935.0 136.0
940.0 136.0
945.0 136.0
950.0 136.0
955.0 136.0
960.0 136.10005
965.0 136.42233
970.0 137.0
975.0 141.0
980.0 137.5
985.0 134.0
990.0 135.15227
995.0 138.0823
1000.0 142.0
1005.0 148.63805
1010.0 158.73286
1015.0 170.0
1020.0 183.14755
1025.0 198.01169
1030.0 211.0
1035.0 221.59277
1040.0 230.95024
1045.0 238.0
1050.0 242.55678
1055.0 246.0879
1060.0 250.0
1065.0 255.11731
1070.0 260.74255
1075.0 266.0
1080.0 270.96054
1085.0 275.62225
1090.0 279.0
1095.0 281.36624
1100.0 283.23868
1105.0 284.0
1110.0 278.40527
1115.0 267.03275
1120.0 258.0
1125.0 254.0
1130.0 249.11195
1135.0 243.48528
1140.0 237.0
1145.0 228.74908
1150.0 219.13455
1155.0 210.0
1160.0 201.45943
1165.0 193.32776
1170.0 187.0
1175.0 182.95485
1180.0 179.77246
1185.0 176.0
1190.0 170.477
1195.0 163.98851
1200.0 158.0
1205.0 152.03703
1210.0 146.46297
1215.0 144.0
1220.0 145.55556
1225.0 148.44444
